5.7875 0.7945126357675906 0.07734175638915985 0.0 0.12814560784324955
5.83125 0.7928385850930136 0.06495483107959056 0.0 0.1422065838273957
5.875 0.7907938623609462 0.05357470163197095 0.0 0.1556314360070828
5.91875 0.789164349960123 0.04473097795078951 0.0 0.16610467208908744
5.9625 0.7876917805647788 0.03783128136434992 0.0 0.17447693807087136
6.00625 0.7862837194866918 0.032975191906754235 0.0 0.18074108860655388
6.05 0.7847552235673054 0.030152136501131455 0.0 0.18509263993156302
6.09375 0.7832876974222786 0.029328941228771915 0.0 0.18738336134894948
6.1375 0.7816022811466543 0.03207481745352424 0.0 0.18632290139982144
6.18125 0.7801808907024201 0.03640467851227774 0.0 0.183414430785302
6.225 0.7784630151749508 0.04370473440536366 0.0 0.17783225041968542
6.26875 0.776852864599827 0.05376306375041134 0.0 0.16938407164976158
6.3125 0.7750687740104643 0.06693736521302218 0.0 0.15799386077651356
6.35625 0.7734801340121037 0.08251298241609473 0.0 0.1440068835718018
6.4 0.7717691046557313 0.10024789483540858 0.0 0.12798300050886002
6.44375 0.7699069503294975 0.12063376718515875 0.0 0.10945928248534376
6.4875 0.7683666599951408 0.13883205268813417 0.0 0.0928012873167252
6.53125 0.7667818841895792 0.15555997518322207 0.0 0.07765814062719881
6.575 0.7652901865262868 0.16942942663570312 0.0 0.06528038683801002
6.61875 0.7637138130353598 0.17935002275052483 0.0 0.05693616421411543
6.6625 0.7620999575445498 0.1844906872130519 0.0 0.05340935524239837
6.70625 0.7606385885661796 0.18423996577019974 0.0 0.055121445663620545
6.75 0.7585987215275535 0.17704345671795915 0.0 0.0643578217544874
6.79375 0.757076179042909 0.16748864569837513 0.0 0.07543517525871561
6.8375 0.7553926187539196 0.15451238695475936 0.0 0.09009499429132106
6.88125 0.7536855874176923 0.13918818419647006 0.0 0.10712622838583767
6.925 0.7521971282508596 0.12269144224422428 0.0 0.12511142950491613
6.96875 0.7509257517041723 0.10590077656841189 0.0 0.14317347172741565
7.0125 0.7494934218223446 0.08863254955313155 0.0 0.16187402862452374
7.05625 0.7483777774751592 0.07408411145385765 0.0 0.177538111070983
7.1 0.7473029395618429 0.061333744167362085 0.0 0.19136331627079492
7.14375 0.7463309327814426 0.05062021151856107 0.0 0.2030488556999963
7.1875 0.7455315011669459 0.04207437068125806 0.0 0.21239412815179604
7.23125 0.7445757532854247 0.03569474711676424 0.0 0.21972949959781116
7.275 0.7433096198754698 0.03158328344275215 0.0 0.22510709668177806
7.31875 0.7419941411382744 0.03108977291180171 0.0 0.2269160859499238
7.3625 0.7405945941623302 0.03253623188984153 0.0 0.2268691739478281
7.40625 0.7391941666027501 0.0368458179711006 0.0 0.22396001542614946
7.45 0.7376534901640109 0.044250009919831156 0.0 0.21809649991615793
7.49375 0.7360643157523621 0.05494338408103087 0.0 0.208992300166607
7.5375 0.734327748111141 0.0689167094659403 0.0 0.1967555424229188
7.58125 0.7328595536529844 0.08548615081849051 0.0 0.1816542955285251
7.625 0.7309592401622292 0.10698381883861872 0.0 0.16205694099915202
7.66875 0.7292221198636847 0.12688304807043913 0.0 0.14389483206587625
7.7125 0.7276322103255962 0.14691494694162116 0.0 0.12545284273278265
7.75625 0.726106114442674 0.16547606872433557 0.0 0.10841781683299041
7.8 0.7246885762528993 0.18150808828788603 0.0 0.09380333545921468
7.84375 0.7230779146235331 0.19390457505122885 0.0 0.08301751032523795
7.8875 0.7218310278869057 0.199460784323339 0.0 0.07870818778975536
7.93125 0.72074698018246 0.20142487254673044 0.0 0.0778281472708095
7.975 0.7200188951154648 0.19797226453234262 0.0 0.08200884035219266
8.01875 0.7195426937902835 0.189670746414338 0.0 0.09078655979537838
8.0625 0.7189849291574564 0.1771942091590152 0.0 0.10382086168352829
8.10625 0.718481223421092 0.16155423522635964 0.0 0.11996454135254844
8.15 0.7180213619885928 0.14399714382103568 0.0 0.1379814941903715
8.19375 0.717537323867247 0.1238006124609321 0.0 0.15866206367182084
8.2375 0.7169725916472814 0.10574315259233644 0.0 0.17728425576038195
8.28125 0.7163257218915035 0.08873238117399657 0.0 0.19494189693449976
8.325 0.7153993793620615 0.07342397676592771 0.0 0.2111766438720106
8.36875 0.7142799771566021 0.06021218131692765 0.0 0.22550784152647035
8.4125 0.7133897088773242 0.049276444164561395 0.0 0.2373338469581144
8.45625 0.7124267743343745 0.04080544536513491 0.0 0.24676778030049049
8.5 0.7109500579659869 0.03547285899015666 0.0 0.25357708304385645
8.54375 0.7096689902894491 0.0328697865840845 0.0 0.25746122312646685
8.5875 0.7084257196400999 0.033182501138407657 0.0 0.25839177922149265
8.63125 0.7072484739695806 0.03647360876105027 0.0 0.25627791726936916
8.675 0.7058781224032962 0.043290689218284176 0.0 0.25083118837841967
8.71875 0.7047084016884755 0.05314207614284942 0.0 0.242149522168675
8.7625 0.7031044079919395 0.06991779333649287 0.0 0.22697779867156745
8.80625 0.7016111690835157 0.08592804830790308 0.0 0.2124607826085812
8.85 0.7002021759724236 0.10400624973242752 0.0 0.19579157429514904
8.89375 0.6988094050564888 0.12359700003038764 0.0 0.17759359491312343
8.9375 0.6978331001293423 0.14330679816879832 0.0 0.15886010170185927
8.98125 0.6969124954591277 0.16237242535708632 0.0 0.14071507918378612
9.025 0.6957905758549603 0.17975492924145867 0.0 0.12445449490358104
9.06875 0.6949315663797255 0.1923315948907148 0.0 0.11273683872955981
9.1125 0.6944837604932761 0.20176860447857545 0.0 0.1037476350281484
9.15625 0.6939923240337202 0.2066531816003265 0.0 0.09935449436595309
9.2 0.6934265618303449 0.20659543826128918 0.0 0.09997799990836591
9.24375 0.6929788983465209 0.20152363581595803 0.0 0.10549746583752109
9.2875 0.6924295100472638 0.19193883422605978 0.0 0.11563165572667625
9.33125 0.6922259358169335 0.1784083701911399 0.0 0.12936569399192666
9.375 0.6922282039155803 0.159838208882375 0.0 0.1479335872020445
9.41875 0.69189166196135 0.14190684524617422 0.0 0.16620149279247576
9.4625 0.6914908594607191 0.12331620267579907 0.0 0.18519293786348173
9.50625 0.6909054354049045 0.10506634324043 0.0 0.2040282213546655
9.55 0.6905816202690253 0.0880021212609975 0.0 0.22141625846997723
9.59375 0.6898638603613867 0.07262847335940562 0.0 0.2375076662792077
9.6375 0.6886099714878248 0.05912347628800958 0.0 0.25226655222416566
9.68125 0.6876364169550685 0.048773886964325 0.0 0.26358969608060645
9.725 0.6865936824801185 0.0412862502932173 0.0 0.27212006722666443
9.76875 0.6854245242833716 0.036870114589192336 0.0 0.27770536112743627
9.8125 0.6844340256244031 0.03551547196336933 0.0 0.28005050241222773
9.85625 0.6834027156664273 0.03768989885697258 0.0 0.2789073854766
9.9 0.6824347577663522 0.043018586280649744 0.0 0.27454665595299815
9.94375 0.6812150171298517 0.05573660815716948 0.0 0.26304837471297865
9.9875 0.6802676430531461 0.06770322148841701 0.0 0.25202913545843675
10.03125 0.6793236217708882 0.08234333136309244 0.0 0.23833304686601928
10.075 0.6784513524602874 0.0991157651738957 0.0 0.22243288236581696
10.11875 0.677839603973562 0.11729788064222854 0.0 0.20486251538420938
10.1625 0.6771077558690813 0.1363527204950913 0.0 0.18653952363582751
10.20625 0.6766031608982181 0.1549617484734295 0.0 0.16843509062835232
10.25 0.6760776736005248 0.17138049737552763 0.0 0.15254182902394747
10.29375 0.6757022365071158 0.18543540630961833 0.0 0.13886235718326578
10.3375 0.67538255278642 0.19654382531318326 0.0 0.1280736219003967
10.38125 0.6750078938093785 0.20369479781410077 0.0 0.12129730837652085
10.425 0.6744602550960204 0.20655273785677233 0.0 0.1189870070472073
10.46875 0.6739572271175477 0.20481449738906193 0.0 0.12122827549339027
10.5125 0.6731747041132176 0.1960139213292988 0.0 0.13081137455748382
10.55625 0.6725869280157366 0.1858417636417481 0.0 0.14157130834251513
10.6 0.6719595015146569 0.17233571303768697 0.0 0.15570478544765617
10.64375 0.6715119618363511 0.15634879049596553 0.0 0.17213924766768332
10.6875 0.6711421702944985 0.13885302581303197 0.0 0.19000480389246982
10.73125 0.6707779885802685 0.12079394576149792 0.0 0.20842806565823385
10.775 0.6701419045090099 0.10302821209535162 0.0 0.22682988339563848
10.81875 0.6698185575867674 0.08541002670311935 0.0 0.2447714157101134
10.8625 0.6693465475616478 0.0707133645594421 0.0 0.25994008787891026
10.90625 0.6687484863457529 0.05843589444903299 0.0 0.272815619205214
10.95 0.668292905295438 0.04870788098522989 0.0 0.28299921371933234
10.99375 0.6679345031566859 0.04213423485793227 0.0 0.289931261985382
11.0375 0.6674289627919403 0.03899214754049096 0.0 0.2935788896675688
11.08125 0.6667789000585616 0.03959552580441863 0.0 0.29362557413701984
11.125 0.6659066209211325 0.04760143104271019 0.0 0.28649194803615724
11.16875 0.6651907792249332 0.05545411296833912 0.0 0.2793551078067274
11.2125 0.6644256836470782 0.0663183997644898 0.0 0.26925591658843173
11.25625 0.6635767862623887 0.07986860475009368 0.0 0.25655460898751753
11.3 0.6627531095473156 0.09550825001613773 0.0 0.24173864043654666
11.34375 0.661874136930981 0.11277420802635285 0.0 0.22535165504266613
11.3875 0.6609841612338866 0.13178654555833827 0.0 0.20722929320777508
11.43125 0.6602237751856147 0.14909233947385123 0.0 0.19068388534053413
11.475 0.6596284803744266 0.16547732989290084 0.0 0.17489418973267237
11.51875 0.6588208430689109 0.18013269134717103 0.0 0.16104646558391802
11.5625 0.6583147394539899 0.19229617606518462 0.0 0.1493890844808256
11.60625 0.6578596653172486 0.20116770328598302 0.0 0.14097263139676822
11.65 0.6574163635746051 0.2063357470833603 0.0 0.13624788934203463
11.69375 0.6567864498324277 0.20474284650324792 0.0 0.13847070366432435
11.7375 0.6564112519750006 0.20155393128247193 0.0 0.14203481674252766
11.78125 0.6558283745336082 0.1944293689142261 0.0 0.14974225655216572
11.825 0.6553548717885633 0.18378626372773002 0.0 0.16085886448370681
11.86875 0.6549409901545995 0.17018764451765192 0.0 0.1748713653277487
11.9125 0.6543702568395906 0.1544565155024559 0.0 0.1911732276579535
11.95625 0.6540198845585437 0.13737917056545335 0.0 0.20860094487600297
12.0 0.6531319116013006 0.11839711491342984 0.0 0.22847097348526985
12.04375 0.6524552182007893 0.10156705863255948 0.0 0.2459777231666512
12.0875 0.6518913668621139 0.0859450081442924 0.0 0.2621636249935936
12.13125 0.6513283494357978 0.07202449797628392 0.0 0.27664715258791833
12.175 0.6505641154681565 0.06075116701234437 0.0 0.28868471751949915
12.21875 0.6501684174718042 0.05230632771100472 0.0 0.29752525481719105
12.2625 0.6496967299000679 0.05007591681625318 0.0 0.30022735328367894
12.30625 0.6492976004219095 0.049450622203161265 0.0 0.3012517773749292
12.35 0.6488640727167447 0.05242704753092038 0.0 0.2987088797523352
12.39375 0.6484934594812328 0.05865242289577015 0.0 0.2928541176229973
12.4375 0.6481233067059456 0.06795986029708002 0.0 0.28391683299697434
12.48125 0.6476534889977313 0.08004763565095575 0.0 0.27229887535131303
12.525 0.647259277782545 0.09424762674168001 0.0 0.2584930954757751
12.56875 0.6467643749097957 0.11203908294577161 0.0 0.24119654214443284
12.6125 0.6464376700462953 0.1279265695700578 0.0 0.22563576038364708
12.65625 0.6461355541140326 0.14387028718228806 0.0 0.20999415870367938
12.7 0.6458052524246708 0.15934975949083224 0.0 0.19484498808449713
12.74375 0.6454116469620554 0.17355865904926712 0.0 0.18102969398867763
12.7875 0.6448384475127846 0.1858841321454367 0.0 0.16927742034177853
12.83125 0.6443629399172547 0.19559382691222024 0.0 0.160043233170525
12.875 0.6435918163514177 0.19980752490113526 0.0 0.15660065874744739
12.91875 0.6430002690233351 0.20284628986450828 0.0 0.154153441112157
12.9625 0.6424944457003102 0.20218384713435958 0.0 0.15532170716533023
13.00625 0.6417977732491902 0.19788601216422647 0.0 0.1603162145865833
13.05 0.6412836900432957 0.19012151861592874 0.0 0.16859479134077562
13.09375 0.6405095000464758 0.17926789479777597 0.0 0.1802226051557482
13.1375 0.639820502045145 0.16372728273589926 0.0 0.19645221521895592
13.18125 0.6391852821972737 0.1486703254675561 0.0 0.2121443923351704
13.225 0.6384503268608696 0.13258017347272819 0.0 0.22896949966640248
13.26875 0.6378720811724936 0.11618253042659371 0.0 0.2459453884009127
13.3125 0.6372706824580358 0.10029314580225472 0.0 0.26243617173970973
13.35625 0.6366617548614245 0.08552073164751783 0.0 0.27781751349105754
13.4 0.6363829766338803 0.07262857744300986 0.0 0.2909884459231098
13.44375 0.6357577711425868 0.06431856472474631 0.0 0.2999236641326668
13.4875 0.6351165720307557 0.05854932346385362 0.0 0.3063341045053907
13.53125 0.6345562782120158 0.05616263103275464 0.0 0.30928109075522964
13.575 0.6342665967910847 0.057008529438113444 0.0 0.3087248737708021
13.61875 0.6338384309149255 0.06133293598780508 0.0 0.30482863309726943
13.6625 0.633579606452947 0.06863024879010415 0.0 0.2977901447569489
13.70625 0.6330783838069587 0.07898557000804113 0.0 0.2879360461850002
13.75 0.6328690296838011 0.09438113664115268 0.0 0.2727498336750462
13.79375 0.6324175823085811 0.1081192887929401 0.0 0.2594631288984789
13.8375 0.6319684487908371 0.12269986442142596 0.0 0.2453316867877368
13.88125 0.631753163106366 0.13758685384465216 0.0 0.23065998304898183
13.925 0.6312969848168847 0.15232934383261135 0.0 0.21637367135050428
13.96875 0.63100609848594 0.1661905597511558 0.0 0.20280334176290424
14.0125 0.6305766143109379 0.1768989781271913 0.0 0.19252440756187067
14.05625 0.6300225459497797 0.18699804637420359 0.0 0.1829794076760165
14.1 0.6295581262911668 0.19470550796694217 0.0 0.17573636574189094
14.14375 0.6291709541752382 0.19961776629537242 0.0 0.17121127952938953
14.1875 0.6287937906589036 0.2013238172117826 0.0 0.16988239212931378
14.23125 0.6282954904362807 0.1997351320949275 0.0 0.17196937746879185
14.275 0.6278803375507641 0.19483809195661955 0.0 0.17728157049261625
14.31875 0.6273859101798747 0.18439496898685778 0.0 0.18821912083326783
14.3625 0.6269941359700875 0.17372398820162768 0.0 0.19928187582828502
14.40625 0.6264553248694557 0.16089084207527818 0.0 0.21265383305526622
14.45 0.625943758750922 0.14644950042323038 0.0 0.22760674082584778
14.49375 0.6254223660184731 0.13110704789110844 0.0 0.24347058609041827
14.5375 0.6248079418040537 0.11569606050753597 0.0 0.2594959976884103
14.58125 0.6242276586154883 0.10079414865493304 0.0 0.27497819272957885
14.625 0.6237258177496885 0.08772979755752586 0.0 0.28854438469278554
14.66875 0.6233069822700421 0.07738570307675585 0.0 0.299307314653202
14.7125 0.6228601088514281 0.06980071669846982 0.0 0.3073391744501021
14.75625 0.6224331786548911 0.06549740163603802 0.0 0.31206941970907076
14.8 0.6220353742986985 0.06442557792721887 0.0 0.3135390477740827
14.84375 0.6214289955018732 0.06688209122478309 0.0 0.31168891327334375
14.8875 0.6208330931782826 0.07641136119153487 0.0 0.3027555456301826
14.93125 0.6205021379407161 0.08432070482485016 0.0 0.29517715723443366
14.975 0.6202255713063681 0.09430960809687781 0.0 0.2854648205967541
15.01875 0.6198622270693324 0.10615320930845717 0.0 0.2739845636222103
15.0625 0.6193884129053279 0.11907678593762301 0.0 0.261534801157049
15.10625 0.6191649726102012 0.13252092532066836 0.0 0.24831410206913038
15.15 0.6191006503222947 0.1457804918809139 0.0 0.23511885779679165
15.19375 0.6191290268595137 0.15724602332916193 0.0 0.2236249498113243
15.2375 0.6189993074875375 0.16857711593318325 0.0 0.21242357657927916
15.28125 0.6189908180447248 0.1785511895929868 0.0 0.20245799236228842
15.325 0.6188595822011895 0.18661963897606626 0.0 0.19452077882274424
15.36875 0.6189839065924697 0.19243990337343736 0.0 0.18857619003409284
15.4125 0.6189724431136834 0.19560856987372072 0.0 0.18541898701259585
15.45625 0.6188689981777694 0.19595524398053596 0.0 0.18517575784169485
15.5 0.6182995980952047 0.19081425969019 0.0 0.1908861422146055
15.54375 0.6180632105027284 0.1852968696322705 0.0 0.19663991986500112
15.5875 0.6179445565668615 0.17711445392950076 0.0 0.2049409895036376
15.63125 0.6174840379491583 0.16660571495566612 0.0 0.2159102470951757
15.675 0.6175744553296088 0.1542304685249698 0.0 0.22819507614542145
15.71875 0.6172385318564371 0.1405996097357849 0.0 0.24216185840777812
15.7625 0.6168695199733772 0.12508661326244597 0.0 0.2580438667641769
15.80625 0.6166753650099109 0.1112893181795944 0.0 0.2720353168104947
15.85 0.6163007884235464 0.09862461514529418 0.0 0.2850745964311592
15.89375 0.6159545803023803 0.0878830964342006 0.0 0.29616232326341907
15.9375 0.6154924120079084 0.07953387641520547 0.0 0.3049737115768861
15.98125 0.6151949797122928 0.07397715435424665 0.0 0.31082786593346073
16.025 0.6146672343175329 0.07170338832838623 0.0 0.3136293773540808
16.06875 0.6142039120463518 0.07651217467463577 0.0 0.30928391327901217
16.1125 0.6138199015978152 0.08019617195361559 0.0 0.3059839264485692
16.15625 0.6135421400330184 0.0863135260810855 0.0 0.3001443338858961
16.2 0.6133836962274086 0.09452739711343977 0.0 0.2920889066591518
16.24375 0.6130363243280437 0.1046766534797528 0.0 0.28228702219220325
16.2875 0.6127348239162005 0.11599937365610609 0.0 0.27126580242769355
16.33125 0.6123949473753904 0.12802110621707644 0.0 0.25958394640753313
16.375 0.6123562844354667 0.13945636457265337 0.0 0.24818735099187966
16.41875 0.612146524776968 0.15065363342679414 0.0 0.23719984179623804
16.4625 0.6120049430494218 0.1612045739250815 0.0 0.2267904830254969
16.50625 0.6116995611208662 0.1708568889569636 0.0 0.21744354992217016
16.55 0.6115571161112072 0.17909588623442932 0.0 0.20934699765436343
16.59375 0.6113772530214722 0.185442000146882 0.0 0.2031807468316458
16.6375 0.611111054390869 0.18729127904926 0.0 0.20159766655987113
16.68125 0.6109531552958674 0.1890431369078148 0.0 0.20000370779631776
16.725 0.6108167156246705 0.18821114920002055 0.0 0.20097213517530887
16.76875 0.6106825457790268 0.184787636882435 0.0 0.20452981733853828
16.8125 0.6104110780690081 0.17885594511342878 0.0 0.2107329768175631
16.85625 0.6102025738813618 0.17059998313474264 0.0 0.2191974429838955
16.9 0.6099440728574533 0.16036835632763766 0.0 0.2296875708149093
16.94375 0.6095589187592512 0.1469285356919389 0.0 0.24351254554881016
16.9875 0.6092879758867262 0.13435853811475804 0.0 0.2563534859985159
17.03125 0.6090348646181464 0.12154950254217543 0.0 0.2694156328396782
17.075 0.608621009174721 0.10936733982672159 0.0 0.2820116509985576
17.11875 0.6081868023350613 0.09875129431472897 0.0 0.29306190335020965
17.1625 0.6078319131042045 0.09004530553466604 0.0 0.30212278136112963
17.20625 0.6073344075545847 0.08384147126864912 0.0 0.3088241211767661
17.25 0.6067984396940688 0.0841878524854883 0.0 0.30901370782044285
17.29375 0.6066637456178937 0.0835273590332459 0.0 0.30980889534886025
17.3375 0.6064334128510825 0.08553816157245037 0.0 0.3080284255764672
17.38125 0.6059897422984141 0.09013167017197972 0.0 0.3038785875296063
17.425 0.6056325600718867 0.09679753862269579 0.0 0.2975699013054175
17.46875 0.6051389536048617 0.10525461280981718 0.0 0.28960643358532095
17.5125 0.6049364628415129 0.11587948355110292 0.0 0.2791840536073843
17.55625 0.6047734643973243 0.12514740179857212 0.0 0.2700791338041037
17.6 0.6045806254138063 0.13452302183550954 0.0 0.2608963527506843
17.64375 0.6041752824918587 0.1439774997994892 0.0 0.2518472177086523
17.6875 0.603906735918103 0.15308748179282547 0.0 0.24300578228907163
17.73125 0.6038479504087709 0.1615618169713832 0.0 0.23459023261984577
17.775 0.6035807766737048 0.16902112511846365 0.0 0.2273980982078315
17.81875 0.6033188507839435 0.17288404538605895 0.0 0.2237971038299973
17.8625 0.6030888960335357 0.17716661367199837 0.0 0.21974449029446605
17.90625 0.6029188146776482 0.17961229688637262 0.0 0.21746888843597917
17.95 0.6025892388044248 0.18035052518601663 0.0 0.21706023600955857
17.99375 0.6021602317307013 0.18033879828039515 0.0 0.21750096998890348
18.0375 0.6017515946878668 0.18034135627235384 0.0 0.21790704903977937
18.08125 0.6015588483109027 0.1801184847148681 0.0 0.2183226669742292
18.125 0.6013489530087599 0.1814637613646546 0.0 0.21718728562658557
18.16875 0.6010341385797691 0.1780263733810109 0.0 0.22093948803921998
18.2125 0.6008539672700162 0.17234588617765534 0.0 0.22680014655232836
18.25625 0.6006212546732005 0.1653209308746967 0.0 0.2340578144521029
18.3 0.600284935190879 0.15776931622193735 0.0 0.2419457485871832
18.34375 0.5997916769506997 0.15018669772069598 0.0 0.25002162532860434
18.3875 0.5991025065407704 0.14120859778406208 0.0 0.2596888956751675
18.43125 0.5988030391678364 0.1348038334621257 0.0 0.26639312737003784
18.475 0.5983809014639593 0.12981382118401527 0.0 0.2718052773520254
18.51875 0.5980688972619808 0.12797285295169722 0.0 0.273958249786322
18.5625 0.5978030010927848 0.1290872698620949 0.0 0.2731097290451203
18.60625 0.5975692256781998 0.1319022621492154 0.0 0.2705285121725846
18.65 0.5972518570038028 0.13457684307388829 0.0 0.268171299922309
18.69375 0.5967629968230197 0.13462693897445566 0.0 0.2686100642025246
18.7375 0.596549115727402 0.1345936905501944 0.0 0.2688571937224037
18.78125 0.5963639579823209 0.13440820400702153 0.0 0.26922783801065747
18.825 0.5961981901880323 0.133887515264258 0.0 0.26991429454770965
18.86875 0.596212301414471 0.13300749346340507 0.0 0.2707802051221238
18.9125 0.5962046489468352 0.13287787496965775 0.0 0.2709174760835072
18.95625 0.5961623024425472 0.1352247836022718 0.0 0.2686129139551812
19.0 0.5963463081225969 0.14113281183826898 0.0 0.2625208800391341
19.04375 0.5962337378081121 0.14157561202874333 0.0 0.2621906501631445
19.0875 0.5962237989029641 0.14045866744758453 0.0 0.26331753364945165
19.13125 0.596291967376375 0.138767192374175 0.0 0.26494084024945
19.175 0.5961542171128813 0.13675442502016472 0.0 0.2670913578669539
19.21875 0.5961393551551369 0.13455316451729235 0.0 0.26930748032757057
19.2625 0.5962330547217652 0.13542660593237738 0.0 0.26834033934585744
19.30625 0.5961429023055207 0.13858541788301115 0.0 0.2652716798114681
19.35 0.5960837135330203 0.14043629779469943 0.0 0.2634799886722804
19.39375 0.5959849620225042 0.14004145803905932 0.0 0.2639735799384365
19.4375 0.595950342427102 0.13880530049172987 0.0 0.26524435708116795
19.48125 0.5958946698592829 0.13721858295853628 0.0 0.2668867471821809
19.525 0.5958013802408259 0.13538651006904537 0.0 0.26881210969012864
19.56875 0.5954721582685639 0.13689836318259818 0.0 0.267629478548838
19.6125 0.5951652245336688 0.1401239300329023 0.0 0.2647108454334288
19.65625 0.5949331403902486 0.14097174915251767 0.0 0.2640951104572335
19.7 0.5947000072786204 0.13989147768098825 0.0 0.2654085150403914
19.74375 0.5943088690346571 0.13833713836999775 0.0 0.2673539925953451
19.7875 0.5939307772972908 0.13651607279421857 0.0 0.2695531499084904
19.83125 0.5935343891584588 0.13507915688911637 0.0 0.2713864539524246
19.875 0.5929797644012779 0.14082560835401867 0.0 0.2661946272447035
19.91875 0.5925855987092434 0.1409345164333873 0.0 0.2664798848573692
19.9625 0.5920709764244804 0.13965182144619084 0.0 0.26827720212932876
20.00625 0.5917909718162903 0.13798681313875985 0.0 0.27022221504495025
20.05 0.5914180144571225 0.13624570512215584 0.0 0.27233628042072167
20.09375 0.5911769602584592 0.1376860286687226 0.0 0.2711370110728182
20.1375 0.5905741351446393 0.14134943126179506 0.0 0.2680764335935659
20.18125 0.5903995677622115 0.14006544298067106 0.0 0.26953498925711744
20.225 0.590234517314314 0.1384224176490016 0.0 0.2713430650366843
20.26875 0.5899641338957919 0.13698365250966557 0.0 0.2730522135945425
20.3125 0.5896403831240618 0.13962050129516057 0.0 0.2707391155807774
20.35625 0.5894064096596021 0.1423152697345248 0.0 0.2682783206058732
20.4 0.5893043384820298 0.14131726641587328 0.0 0.26937839510209716
20.44375 0.5889403336399764 0.1380409900252596 0.0 0.27301867633476407
20.4875 0.5889057141677274 0.13953614004382 0.0 0.27155814578845267
20.53125 0.5888260677310848 0.14240208278173921 0.0 0.26877184948717603
20.575 0.5885916529639035 0.14155295675839244 0.0 0.2698553902777043
20.61875 0.588304048100582 0.13993154152704648 0.0 0.2717644103723715
20.6625 0.5881217271916915 0.13822487320706014 0.0 0.27365339960124835
20.70625 0.5879074680777971 0.14093239190434614 0.0 0.27116014001785693
20.75 0.5877844994468733 0.14121364133586242 0.0 0.2710018592172643
20.79375 0.5876155897526887 0.13956136882889156 0.0 0.27282304141841973
20.8375 0.5873138702558954 0.13975222905682544 0.0 0.2729339006872791
20.88125 0.5870838284290611 0.14302529751544218 0.0 0.2698908740554968
20.925 0.5870413065746142 0.14192127757147988 0.0 0.2710374158539062
20.96875 0.5869108451228295 0.1401613561220205 0.0 0.27292779875515016
21.0125 0.5865373642752315 0.14277494627358966 0.0 0.27068768945117894
21.05625 0.5862725074250786 0.14163329156373694 0.0 0.27209420101118437
21.1 0.5860938749037389 0.13990329476783514 0.0 0.27400283032842593
21.14375 0.5858669845153917 0.14041358740461954 0.0 0.2737194280799888
21.1875 0.5855417737459089 0.14301728517601267 0.0 0.2714409410780783
21.23125 0.5852608884893737 0.14148876848365682 0.0 0.2732503430269696
21.275 0.584899281963475 0.13967477526641692 0.0 0.27542594277010823
21.31875 0.5848347328593866 0.1420432747320886 0.0 0.2731219924085247
21.3625 0.5844345887399309 0.1403918468636137 0.0 0.2751735643964555
21.40625 0.5842401435137956 0.14145427169580363 0.0 0.2743055847904009
21.45 0.5840367123410438 0.14253173375035605 0.0 0.2734315539086001
21.49375 0.5840579145881835 0.14083785471372456 0.0 0.275104230698092
21.5375 0.583987462651941 0.1406738307674395 0.0 0.27533870658061926
21.58125 0.5839219388258444 0.14239174570555554 0.0 0.2736863154686001
21.625 0.5838711059474707 0.14094187987658047 0.0 0.2751870141759486
21.66875 0.5839050872935251 0.1415902560855111 0.0 0.2745046566209639
21.7125 0.5837861572594182 0.1398116494214585 0.0 0.27640219331912325
21.75625 0.58354449240615 0.14237844353712012 0.0 0.27407706405672994
21.8 0.583359561790409 0.14114503693915526 0.0 0.275495401270436
21.84375 0.5832044081092302 0.13931755554992262 0.0 0.27747803634084706
21.8875 0.5832696637658237 0.14071602252321494 0.0 0.2760143137109615
21.93125 0.5831341538534923 0.1426294043463238 0.0 0.27423644180018397
21.975 0.5832260636394898 0.14145479075905487 0.0 0.27531914560145504
22.01875 0.5833015935912604 0.14002504475526914 0.0 0.2766733616534702
22.0625 0.5831873310849951 0.14074423447306755 0.0 0.2760684344419373
22.10625 0.5832753400161397 0.13882605987928778 0.0 0.27789860010457246
22.15 0.5832073659267619 0.14146655866913915 0.0 0.2753260754040988
22.19375 0.5830182883102413 0.14288187923832626 0.0 0.27409983245143255
22.2375 0.5829722678473617 0.14136378682632672 0.0 0.2756639453263115
22.28125 0.5829685733641016 0.14454420159967363 0.0 0.27248722503622497
22.325 0.5827160230093966 0.14317065353092928 0.0 0.27411332345967404
22.36875 0.5825668452379938 0.14559264399540936 0.0 0.2718405107665967
22.4125 0.582622762836986 0.14445216411820888 0.0 0.27292507304480496
22.45625 0.5824951323361619 0.1439780921878859 0.0 0.2735267754759523
22.5 0.5824562788324845 0.14313328566939118 0.0 0.27441043549812416
22.54375 0.5823558854386292 0.1465736061030445 0.0 0.27107050845832625
22.5875 0.5822685797035613 0.1454389568717058 0.0 0.27229246342473296
22.63125 0.5821237481045005 0.1441714026806194 0.0 0.2737048492148799
22.675 0.5821389853555364 0.14787195368736805 0.0 0.2699890609570953
22.71875 0.5819090939622882 0.1467238132391407 0.0 0.2713670927985712
22.7625 0.5816342743014801 0.14637198522479838 0.0 0.2719937404737213
22.80625 0.5814420306888505 0.14935595056294762 0.0 0.269202018748202
22.85 0.5812755157478019 0.14830731923464538 0.0 0.2704171650175524
22.89375 0.5811774691855671 0.1467553994833717 0.0 0.27206713133106125
22.9375 0.5810287562294745 0.14504155702495053 0.0 0.27392968674557494
22.98125 0.5808065636069002 0.14425505952788736 0.0 0.27493837686521255
23.025 0.5807475214634866 0.14589293042884569 0.0 0.27335954810766755
23.06875 0.5807656850206004 0.15213476036902362 0.0 0.2670995546103757
23.1125 0.5805861636535496 0.15596835518448243 0.0 0.2634454811619681
23.15625 0.5804263924733798 0.15969441514725177 0.0 0.2598791923793683
23.2 0.5802993372842499 0.16192068134963308 0.0 0.25777998136611713
23.24375 0.5803625984864349 0.16192091504730222 0.0 0.25771648646626283
23.2875 0.580093117383434 0.16129984236211228 0.0 0.2586070402544538
23.33125 0.5799702152902753 0.16060255989025995 0.0 0.2594272248194647
23.375 0.5799971202733218 0.16345466953271787 0.0 0.25654821019396024
23.41875 0.5799370267051717 0.1630536268820336 0.0 0.2570093464127948
23.4625 0.5798376112810935 0.1649649043464281 0.0 0.25519748437247847
23.50625 0.5798010555589642 0.1644534364729033 0.0 0.25574550796813245
23.55 0.5796444214873353 0.16372111593551225 0.0 0.25663446257715256
23.59375 0.5795723662864577 0.16797956562509575 0.0 0.2524480680884465
23.6375 0.5794543467316465 0.16728700512265998 0.0 0.2532586481456934
23.68125 0.5792756134779533 0.16639692931052338 0.0 0.25432745721152333
23.725 0.5792074557639388 0.16757143687813505 0.0 0.25322110735792636
23.76875 0.579111067159354 0.17022234394178326 0.0 0.250666588898863
23.8125 0.5791579332097997 0.1685770585834942 0.0 0.25226500820670605
23.85625 0.5787746380179603 0.17163358521848412 0.0 0.2495917767635557
23.9 0.5787386057760399 0.17194800634973517 0.0 0.249313387874225
23.94375 0.5785960236909835 0.17377744520216876 0.0 0.24762653110684774
23.9875 0.5782996475612174 0.17174341464643653 0.0 0.24995693779234598
24.03125 0.5780791194984188 0.17141908884536264 0.0 0.2505017916562185
24.075 0.577856219630509 0.16917038843154217 0.0 0.252973391937949
24.11875 0.5777502694769772 0.16784176516165167 0.0 0.25440796536137106
24.1625 0.5774892167947107 0.16588911832843709 0.0 0.25662166487685223
24.20625 0.5772218245813611 0.16270673765094087 0.0 0.26007143776769787
24.25 0.5769519242632531 0.1571697680631753 0.0 0.26587830767357146
24.29375 0.5766473369599173 0.15343682086060284 0.0 0.26991584217948017
24.3375 0.5764033155469767 0.15406942989932637 0.0 0.2695272545536969
24.38125 0.5763400194474354 0.15361460872045604 0.0 0.2700453718321088
24.425 0.5761569051234173 0.15010774262199875 0.0 0.27373535225458395
24.46875 0.5759326936293181 0.15148971687380736 0.0 0.2725775894968746
24.5125 0.575697277529232 0.1518610456192769 0.0 0.27244167685149073
24.55625 0.5755408211209544 0.14975244040069627 0.0 0.2747067384783493
24.6 0.5754194645834316 0.14757299040228747 0.0 0.27700754501428115
24.64375 0.5752937554294342 0.1472437098019821 0.0 0.27746253476858374
24.6875 0.5751527891364602 0.14632037355968516 0.0 0.2785268373038546
24.73125 0.5748675198355656 0.14368482743663138 0.005792769236933166 0.2756548834908699
24.775 0.5748292515230989 0.14089035248731183 0.012056072541291407 0.2722243234482977
24.81875 0.5747407202216595 0.13621655136625727 0.02412981509219774 0.26491291331988565
24.8625 0.5745808418930743 0.1330539959228677 0.032057543100821144 0.2603076190832368
24.90625 0.5746930841388783 0.12968306465789767 0.04053644827082611 0.2550874029323979
24.95 0.5746224552851183 0.12609722644394117 0.050047874209710935 0.24923244406122952
24.99375 0.5745010177238461 0.1222947524698647 0.06047737529455102 0.24272685451173823
25.0375 0.5744865486214488 0.1182778209373395 0.07167439306525482 0.2355612373759568
25.08125 0.5744585601073552 0.1140515486506628 0.08375458454541965 0.2277353066965622
25.125 0.5745241322853706 0.10826892367657699 0.10065526518122958 0.2165516788568227
25.16875 0.5744893045911094 0.10368460208695424 0.1143006747119498 0.20752541860998663
25.2125 0.5744247081910028 0.09892092091962564 0.12872955001930922 0.19792482087006244
25.25625 0.5744949770341347 0.0939896329933854 0.14371097961852775 0.187804410353952
25.3 0.5744515122212722 0.08890474091943586 0.1594102644167915 0.17723348244250042
25.34375 0.5744134154601075 0.08368339681930831 0.175608244558188 0.16629494316239618
25.3875 0.574277395139955 0.07738991185738903 0.1951436044487143 0.15318908855394145
25.43125 0.5742484961303262 0.07201751446346304 0.21181302633887417 0.14192096306733648
25.475 0.5740481045727331 0.06659095958859064 0.22876264640019398 0.13059828943848234
25.51875 0.5740758952090883 0.06114771507673814 0.24544374320565826 0.11933264650851505
25.5625 0.5741069746263775 0.05573059701884852 0.2619272875824696 0.10823514077230452
25.60625 0.5739594071095773 0.05038676313640718 0.27824065081726385 0.09741317893675172
25.65 0.573791200776798 0.0451661390914867 0.29407520943452375 0.08696745069719158
25.69375 0.5735402248887171 0.03962750886975472 0.3107869594094343 0.0760453068320939
25.7375 0.5734329188428576 0.03485645549648503 0.32499313586947237 0.06671748979118505
25.78125 0.5731802277616928 0.03035184632360135 0.33846961057564445 0.05799831533906143
25.825 0.5730625987215525 0.02615205231852796 0.3508474286801087 0.04993792027981065
25.86875 0.5729384786448132 0.02228750407170963 0.3622031370628652 0.04257088022061204
25.9125 0.5725644467657481 0.018779390683942836 0.3727401968986614 0.03591596565164755
25.95625 0.5724203385672826 0.015638981488414565 0.38196422877847197 0.02997645116583083
26.0 0.5723528627826201 0.012709263678334824 0.39050134804065395 0.024436525498391128
26.04375 0.5722655215994402 0.010326662025584904 0.3974749729115486 0.01993284346342635
26.0875 0.5720286964266268 0.008285287810080743 0.40362014578941224 0.016065869973879883
26.13125 0.5718760190127793 0.0065622596748079924 0.40877132318471826 0.01279039812769429
26.175 0.5719789018665131 0.005129769699463113 0.4128369264149725 0.010054402019051011
26.21875 0.5717656497052175 0.003956864901757975 0.416475992130347 0.0078014932626775295
26.2625 0.5715498378306063 0.0029745026770300266 0.4195750415250146 0.005900617967348993
26.30625 0.5714759778500749 0.0022324173498361223 0.42183550869344133 0.004456096106647626
26.35 0.5713295730278187 0.0016524560749683042 0.42369903050781105 0.003318940389401723
26.39375 0.5713098394558369 0.001206212472169956 0.4250464862399075 0.002437461832085858
26.4375 0.5711976710994259 0.0008681834506227317 0.42616937084163725 0.001764774608314023
26.48125 0.5709992827363047 0.0006161069694776554 0.4271251408759761 0.0012594694182416263
26.525 0.5709348733348761 0.0004310520055749296 0.4277481813946493 0.000885893264899684
26.56875 0.5708802479404558 0.00029368042698759496 0.4282194814818869 0.000606590150669681
26.6125 0.5707510124248135 0.0001996558242474982 0.42863503982687196 0.0004142919240669832
26.65625 0.5704458504709093 0.00013381010264263668 0.4291415059611761 0.00027883346527197343
26.7 0.5704193256703465 8.841090959706232e-05 0.4293073293847878 0.00018493403526865935
26.74375 0.5703330376081763 5.75908057455978e-05 0.4294884949314045 0.00012087665467375451
26.7875 0.5702434469470756 3.698805794647673e-05 0.42964169765575855 7.786733921962565e-05
26.83125 0.5701525009970908 2.3424607326958504e-05 0.42977463166884255 4.944272673972758e-05
26.875 0.5700514303226177 1.4450408998535859e-05 0.42990354994278884 3.056932559477142e-05
26.91875 0.569811332689934 8.89992194592255e-06 0.4301609041603064 1.8863227813713273e-05
26.9625 0.5697208269402257 5.407322941238094e-06 0.43026228697787017 1.1478758962833328e-05
27.00625 0.5696686695136449 3.2415490183301022e-06 0.43032119896080295 6.889976534011086e-06
27.05 0.5694520922485278 1.917748415944798e-06 0.4305419097191807 4.0802838757427596e-06
27.09375 0.5693130059552765 1.1199644286136733e-06 0.4306834894056754 2.3846746197489386e-06
27.1375 0.5692678486804837 6.379754673471667e-07 0.43073015422047056 1.3591235781699267e-06
27.18125 0.5691946942254547 3.6328079107805924e-07 0.43080416831289076 7.741808636203653e-07
27.225 0.5690970293185684 2.0437436410613301e-07 0.43090233069790673 4.3560916093300117e-07
27.26875 0.569079916655179 1.1363138533370905e-07 0.43091972751291385 2.4220052193458415e-07
27.3125 0.5688979097211956 6.246098180529634e-08 0.4311018946998244 1.3311799836358588e-07
27.35625 0.5684982130111749 3.395600097869414e-08 0.43150168068100436 7.235181964389832e-08
27.4 0.5683726081099476 1.826364616819344e-08 0.43162733472304343 3.8903362978803e-08
27.44375 0.5681838129624094 9.604489622392175e-09 0.43181615698232356 2.045077756714672e-08
27.4875 0.5680554446944698 5.0620007738362495e-09 0.4319445394697173 1.0773812132289226e-08
27.53125 0.5678479762915722 2.642833924854412e-09 0.43215201544333987 5.622254349247462e-09
27.575 0.5675267003670753 1.3674382283106893e-09 0.4324732953579253 2.9075612276670634e-09
27.61875 0.5673516971450676 7.015053543675856e-10 0.4326483006626095 1.4908176579804033e-09
27.6625 0.567251248045776 3.5697619898311003e-10 0.4327487508390173 7.582304266059607e-10
27.70625 0.566970434878208 1.8027517102985262e-10 0.43302956455881 3.8270659231502415e-10
27.75 0.5668386529901602 8.928710185863416e-11 0.4331613467311047 1.8944784385304547e-10
27.79375 0.5666122860199346 4.44642877093521e-11 0.43338771384130603 9.429501725519312e-11
27.8375 0.5664108998355951 2.2006447380187277e-11 0.43358910009575263 4.664570590808698e-11
27.88125 0.5661230865749652 1.0829749974660156e-11 0.4338769133912606 2.2944272656979472e-11
27.925 0.5658864782621514 5.301908582477733e-12 0.434113521721319 1.1227773552845855e-11
27.96875 0.5655509976757079 2.583496390504363e-12 0.43444900231624 5.468743199421006e-12
28.0125 0.5655112583393254 1.2384478902718617e-12 0.4344887416568154 2.6205316878498704e-12
28.05625 0.5653519071480333 5.986269981098683e-13 0.43464809285010186 1.2662355723359626e-12
28.1 0.5652530907389972 2.884350976389466e-13 0.4347469092601043 6.099130530859046e-13
28.14375 0.5653136555180677 1.3860219457688853e-13 0.43468634448150056 2.9299956101941124e-13
28.1875 0.5652624048147888 6.645665270557862e-14 0.4347375951850044 1.4045200849077797e-13
28.23125 0.5653238613283196 3.1810332448765414e-14 0.4346761386715814 6.72149532833261e-14
28.275 0.5653308652440721 1.5208028964985283e-14 0.4346691347558805 3.212877921382751e-14
28.31875 0.565180112259155 7.177299971384277e-15 0.43481988774082275 1.5160763082085196e-14
28.3625 0.5651359111006308 3.4274985548899634e-15 0.4348640888993583 7.23919895786031e-15
28.40625 0.5650468468253543 1.6371817983138851e-15 0.43495315317464023 3.4576210870440263e-15
28.45 0.5650865280692731 7.825729818953517e-16 0.4349134719307246 1.6526688617887956e-15
28.49375 0.5651094958127286 3.745097463983729e-16 0.4348905041872704 7.908916576596869e-16
28.5375 0.5650404126674566 1.7951909431983587e-16 0.43495958733254314 3.791130740679347e-16
28.58125 0.565122463371213 8.623091682363937e-17 0.434877536628787 1.8211075466441645e-16
28.625 0.5650267051578125 4.1019518749070955e-17 0.43497329484218716 8.663364757339397e-17
28.66875 0.565149372358834 1.9808586153308996e-17 0.4348506276411658 4.183892767106889e-17
28.7125 0.5651860770801078 9.598096811244444e-18 0.434813922919892 2.027445894199693e-17
28.75625 0.5651864192414823 4.668373294417448e-18 0.43481358075851767 9.862140821717424e-18
28.8 0.5652233558706896 2.2801873380465206e-18 0.4347766441293104 4.8174834820367285e-18
28.84375 0.5654480829369233 1.1188481199557853e-18 0.43455191706307633 2.364098684018086e-18
28.8875 0.5656268381178187 5.45085245750434e-19 0.43437316188218167 1.151866830622104e-18
28.93125 0.5656755550234027 2.7019700213331267e-19 0.43432444497659717 5.710290246160014e-19
28.975 0.5658084937854099 1.3470264390105976e-19 0.4341915062145904 2.847001534801157e-19
29.01875 0.5657984500493015 6.756199989813509e-20 0.4342015499506984 1.4280377038427073e-19
29.0625 0.5657663039507678 3.4104022169468337e-20 0.4342336960492321 7.208709004427595e-20
29.10625 0.5657442069030869 1.7331091207762984e-20 0.4342557930969129 3.663354711263312e-20
29.15 0.5657463719505105 8.869482352659348e-21 0.43425362804948936 1.8747191623058508e-20
29.19375 0.565429125715126 4.517147395121399e-21 0.43457087428487406 9.547023046211724e-21
29.2375 0.5652986904759809 2.3461330851002133e-21 0.43470130952401914 4.95792705490675e-21
29.28125 0.5651983511369714 1.2281806500654592e-21 0.4348016488630288 2.5949475342154925e-21
29.325 0.5650745673706876 6.48192910354372e-22 0.4349254326293125 1.3691836145772306e-21
29.36875 0.5647905093676966 3.4497201989822365e-22 0.4352094906323033 7.28453203705061e-22
29.4125 0.5647246520702037 1.8518251790495998e-22 0.43527534792979644 3.908809028469152e-22
29.45625 0.5644980557449011 1.0028703209148521e-22 0.43550194425509886 2.1158264554262584e-22
29.5 0.5642207813516477 5.413763611433172e-23 0.43577921864835234 1.1415274912367355e-22
29.54375 0.564064185632453 2.985280795474161e-23 0.4359358143675471 6.290458633006191e-23
29.5875 0.5638432010766486 1.6616421044100997e-23 0.4361567989233513 3.498665431674361e-23
29.63125 0.5635885760448626 9.337354070627862e-24 0.4364114239551373 1.9643136967833968e-23
29.675 0.5632553295560895 5.297913021058704e-24 0.43674467044391047 1.1134370036424066e-23
29.71875 0.562941518635119 3.035500257553616e-24 0.43705848136488085 6.3726556058039534e-24
29.7625 0.5625893654912797 1.7353831292138774e-24 0.4374106345087202 3.63885359163259e-24
29.80625 0.5624042674054507 1.0141188692306926e-24 0.43759573259454926 2.1236186294054025e-24
29.85 0.5622671982287505 5.985933592068039e-25 0.4377328017712493 1.251739074597679e-24
29.89375 0.5620414629810577 3.5694209372590117e-25 0.43795853701894255 7.452155766593651e-25
29.9375 0.5617715559992683 2.1499666474706196e-25 0.4382284440007317 4.481646902786954e-25
29.98125 0.5618218254672942 1.3084621864244988e-25 0.4381781745327059 2.722340259429096e-25
30.025 0.561642056235509 8.043179302035752e-26 0.4383579437644911 1.670657287316808e-25
30.06875 0.5613378158831134 4.935175958795848e-26 0.43866218411688646 1.0231337570601172e-25
30.1125 0.5612077540303312 3.096894899732214e-26 0.43879224596966876 6.405016794213545e-26
30.15625 0.5610540605826986 1.962169689231126e-26 0.4389459394173014 4.0513883134009523e-26
30.2 0.5609823578426516 1.2563336755370886e-26 0.4390176421573482 2.588176242446716e-26
30.24375 0.5609971757901162 8.127050284518547e-27 0.4390028242098838 1.669894832383351e-26
30.2875 0.5608907087517774 5.3058586355620784e-27 0.4391092912482226 1.088707280388592e-26
30.33125 0.5609065849911317 3.5069813743044076e-27 0.4390934150088683 7.16000168192208e-27
30.375 0.5608754800321267 2.309558557922318e-27 0.4391245199678733 4.700908695675724e-27
30.41875 0.560873109696014 1.5491997039526592e-27 0.43912689030398616 3.159601293322781e-27
30.4625 0.5607973363852992 1.0520328102824704e-27 0.43920266361470095 2.141524680170979e-27
30.50625 0.5606773792725824 7.257442841577936e-28 0.43932262072741773 1.460752153774397e-27
30.55 0.560699431857782 4.988857642760098e-28 0.43930056814221785 1.0125707798728552e-27
30.59375 0.5605288290644902 3.4820679642535143e-28 0.43947117093550975 7.062307445031176e-28
30.6375 0.5604501067139482 2.423341596428546e-28 0.4395498932860518 4.911512451236352e-28
30.68125 0.5604383488588285 1.7406177896421898e-28 0.4395616511411716 3.4694149693653156e-28
30.725 0.5605770727631385 1.2595029831564655e-28 0.43942292723686144 2.4743446570646727e-28
30.76875 0.560635128760811 8.92000317787423e-29 0.4393648712391888 1.8070995255783058e-28
30.8125 0.5603775090312619 6.486949747821242e-29 0.4396224909687379 1.3189031195035505e-28
30.85625 0.5603645616166771 4.767795072001215e-29 0.4396354383833229 9.700412175515588e-29
30.9 0.5603396287985524 3.5740375175461595e-29 0.43966037120144735 7.153480451070668e-29
30.94375 0.5604735843744263 2.6390268276117506e-29 0.43952641562557365 5.28073328028946e-29
30.9875 0.5603368597620051 2.0648941481726548e-29 0.43966314023799463 3.8936047424149227e-29
31.03125 0.5602194314808396 1.6122393011524024e-29 0.4397805685191604 2.9089339664308783e-29
31.075 0.5602061517787028 1.2510378810600969e-29 0.4397938482212972 2.2028929782828145e-29
31.11875 0.5600699568491162 9.795571177701515e-30 0.4399300431508838 1.684025423242446e-29
31.1625 0.5601378389239012 7.584192417680278e-30 0.43986216107609877 1.3064791058127958e-29
31.20625 0.560013138758179 5.622231508574568e-30 0.439986861241821 1.0492214307466705e-29
31.25 0.5597341417023034 4.3914228932961116e-30 0.44026585829769677 8.120581767783007e-30
31.29375 0.559558756560069 3.1111918072325623e-30 0.44044124343993085 6.75415472139577e-30
31.3375 0.5594325672321073 2.382065911942852e-30 0.44056743276789273 5.517063177361014e-30
31.38125 0.5594100661640246 1.896003778171567e-30 0.4405899338359755 4.409780741354891e-30
31.425 0.5591556779888858 2.1292350061105592e-30 0.4408443220111144 2.9359194138758017e-30
31.46875 0.5591136824501869 1.2216162119927385e-30 0.44088631754981317 2.8863784510365028e-30
31.5125 0.5590940620846224 9.692687800067132e-31 0.44090593791537747 2.335856787056176e-30
31.55625 0.5590306682363898 7.679636448769205e-31 0.4409693317636102 1.9381297157499885e-30
31.6 0.5589117133556349 8.302472303744722e-31 0.4410882866443648 1.400058490286833e-30
31.64375 0.5589577541911898 5.0201979904371885e-31 0.44104224580881035 1.3377049109418358e-30
31.6875 0.5590264433324884 4.099491236402526e-31 0.4409735566675119 1.1271034881861e-30
31.73125 0.5589698332663273 6.547096889871877e-31 0.44103016673367273 6.2305546258917875e-31
31.775 0.5589146970088702 3.731392836582485e-31 0.4410853029911299 6.970911843525146e-31
31.81875 0.5589943246548159 3.110221847166308e-31 0.44100567534518414 5.789145702949246e-31
31.8625 0.5590292213578774 1.8034750360201983e-31 0.4409707786421224 5.75206054577857e-31
31.90625 0.5590861807405613 1.491959836134308e-31 0.44091381925943884 4.9432642279763895e-31
31.95 0.5591564272576988 2.203904468619881e-31 0.4408435727423012 3.230724647627765e-31
31.99375 0.559037986815968 2.4622766695941407e-31 0.44096201318403205 2.1936242675517407e-31
32.0375 0.5591294641569892 7.491346290819695e-32 0.4408705358430109 3.197700351638892e-31
32.08125 0.5592456411464966 2.11146596516833e-31 0.44075435885350334 1.4108814351385335e-31
32.125 0.5593592834021706 1.8359336531294417e-31 0.44064071659782955 1.170014846559271e-31
32.16875 0.5592689976966915 9.554486874846762e-32 0.4407310023033086 1.559709476329054e-31
32.2125 0.5593315983878552 5.818269294684534e-32 0.44066840161214443 1.6276607402350996e-31
32.25625 0.5593472517223906 1.3268814801068552e-31 0.44065274827760964 5.738344898423399e-32
32.3 0.5592024643847302 2.2883320072762624e-32 0.4407975356152701 1.4741963461406008e-31
32.34375 0.5593107540797748 5.538882776737745e-32 0.4406892459202253 9.184106525532893e-32
32.3875 0.5592613127136965 4.8147028366148344e-32 0.44073868728630344 7.938335389076258e-32
32.43125 0.559438146235862 1.848359618343361e-32 0.44056185376413814 9.332894247324546e-32
32.475 0.5593133607472683 3.1152288896686865e-32 0.4406866392527317 6.563660977174867e-32
32.51875 0.5592501688141172 2.2280659858210174e-32 0.44074983118588307 6.472800629443206e-32
32.5625 0.5594432473569727 9.15276233633015e-33 0.44055675264302746 6.760314281458534e-32
32.60625 0.5594922770703742 6.076126460328515e-33 0.4405077229296257 6.102365578142991e-32
32.65 0.5595993936628442 5.2967111898873465e-33 0.4404006063371559 5.493571551456046e-32
32.69375 0.5595684433259832 4.4338634032770684e-33 0.4404315566740166 4.842022706327014e-32
32.7375 0.5595055181774867 4.5680766658286754e-33 0.4404944818225134 4.2572827524736075e-32
32.78125 0.5595010090644469 3.310365273349815e-32 0.44049899093555306 8.392512576201834e-33
32.825 0.5594039269905469 2.1123430111100182e-32 0.440596073009453 1.481805436003133e-32
32.86875 0.5595068088817827 1.7937046529877988e-33 0.44049319111821716 3.102120921678745e-32
32.9125 0.5594508345162417 2.4718054420921856e-32 0.44054916548375883 4.848848803544563e-33
32.95625 0.559464311203478 2.182703394820774e-32 0.44053568879652205 4.0409621831931905e-33
33.0 0.5591121722687317 1.9392199024326042e-32 0.440887827731268 3.503465190710245e-33
33.04375 0.5590439059643528 2.0535019589964156e-33 0.44095609403564723 1.9510999771450052e-32
33.0875 0.5590270292233935 2.4817454703638674e-33 0.4409729707766065 1.620621645391284e-32
33.13125 0.5589158276131962 2.0208926439625043e-33 0.4410841723868037 1.4721252422603812e-32
33.175 0.5589061825636955 6.9322966361958e-33 0.4410938174363044 8.200881265132302e-33
33.21875 0.5587679850593955 4.3538280210453515e-33 0.44123201494060443 9.360730245247504e-33
33.2625 0.5585124651055495 3.874515630262972e-33 0.4414875348944507 8.330208605065388e-33
33.30625 0.5584036271258159 0.0 0.4415963728741841 0.0
33.35 0.5582392584296918 0.0 0.4417607415703081 0.0
33.39375 0.5578880789377407 0.0 0.44211192106225916 0.0
33.4375 0.5578309033707428 0.0 0.4421690966292574 0.0
33.48125 0.5577141382684461 0.0 0.44228586173155393 0.0
33.525 0.5575637611946622 0.0 0.44243623880533767 0.0
33.56875 0.5574185185632624 0.0 0.44258148143673753 0.0
33.6125 0.5572825670926249 0.0 0.4427174329073752 0.0
33.65625 0.5569971911085477 0.0 0.4430028088914522 0.0
33.7 0.5568319890846168 0.0 0.4431680109153833 0.0
33.74375 0.5566341917914812 0.0 0.4433658082085185 0.0
33.7875 0.5564578570337967 0.0 0.44354214296620326 0.0
33.83125 0.5564015763845549 0.0 0.443598423615445 0.0
33.875 0.5563934924761388 0.0 0.44360650752386127 0.0
33.91875 0.5563377047311326 0.0 0.4436622952688674 0.0
33.9625 0.5561720603329164 0.0 0.4438279396670834 0.0
34.00625 0.5559539065181446 0.0 0.44404609348185564 0.0
34.05 0.5557851875357835 0.0 0.4442148124642165 0.0
34.09375 0.5556968854343753 0.0 0.444303114565625 0.0
34.1375 0.5556016018008795 0.0 0.4443983981991205 0.0
34.18125 0.5556800891025377 0.0 0.44431991089746214 0.0
34.225 0.5554871122481357 0.0 0.44451288775186426 0.0
34.26875 0.5554898188708265 0.0 0.4445101811291732 0.0
34.3125 0.5554122964380809 0.0 0.4445877035619194 0.0
34.35625 0.5553683700565345 0.0 0.4446316299434655 0.0
34.4 0.5552685068069848 0.0 0.44473149319301525 0.0
34.44375 0.5550106256389391 0.0 0.4449893743610609 0.0
34.4875 0.554855316120163 0.0 0.4451446838798371 0.0
34.53125 0.5547508335460525 0.0 0.4452491664539477 0.0
34.575 0.5546397880561653 0.0 0.44536021194383474 0.0
34.61875 0.5544800785293217 0.0 0.44551992147067854 0.0
34.6625 0.5543574298662506 0.0 0.4456425701337496 0.0
34.70625 0.5541632717701319 0.0 0.4458367282298683 0.0
34.75 0.5540100420476392 0.0 0.44598995795236074 0.0
34.79375 0.5540660227764589 0.0 0.4459339772235409 0.0
34.8375 0.5540054855282983 0.0 0.4459945144717018 0.0
