5	0.846	0.05475	0	0.09925
5.04375	0.8405	0.04325	0	0.11625
5.0875	0.8435	0.034	0	0.1225
5.13125	0.844	0.029	0	0.127
5.175	0.8405	0.02725	0	0.13225
5.21875	0.839	0.0255	0	0.1355
5.2625	0.84075	0.0225	0	0.13675
5.30625	0.8355	0.0255	0	0.139
5.35	0.8345	0.02475	0	0.14075
5.39375	0.835	0.03075	0	0.13425
5.4375	0.8225	0.038	0	0.1395
5.48125	0.83075	0.04075	0	0.1285
5.525	0.81775	0.06025	0	0.122
5.56875	0.81225	0.07475	0	0.113
5.6125	0.8085	0.09125	0	0.10025
5.65625	0.821	0.104	0	0.075
5.7	0.816	0.13475	0	0.04925
5.74375	0.81075	0.158	0	0.03125
5.7875	0.81075	0.176	0	0.01325
5.83125	0.8155	0.17925	0	0.00525
5.875	0.813	0.18275	0	0.00425
5.91875	0.80075	0.19375	0	0.0055
5.9625	0.8115	0.1735	0	0.015
6.00625	0.80975	0.16275	0	0.0275
6.05	0.806	0.1505	0	0.0435
6.09375	0.8035	0.13425	0	0.06225
6.1375	0.79875	0.126	0	0.07525
6.18125	0.80375	0.0985	0	0.09775
6.225	0.7895	0.09175	0	0.11875
6.26875	0.7915	0.06325	0	0.14525
6.3125	0.79125	0.05375	0	0.155
6.35625	0.79175	0.0475	0	0.16075
6.4	0.79275	0.03175	0	0.1755
6.44375	0.79275	0.02625	0	0.181
6.4875	0.78025	0.028	0	0.19175
6.53125	0.77625	0.01925	0	0.2045
6.575	0.79125	0.02275	0	0.186
6.61875	0.79225	0.0195	0	0.18825
6.6625	0.7745	0.02225	0	0.20325
6.70625	0.7805	0.02075	0	0.19875
6.75	0.77875	0.02375	0	0.1975
6.79375	0.78125	0.0295	0	0.18925
6.8375	0.77825	0.04125	0	0.1805
6.88125	0.76825	0.054	0	0.17775
6.925	0.7715	0.067	0	0.1615
6.96875	0.767	0.089	0	0.144
7.0125	0.77575	0.112	0	0.11225
7.05625	0.775	0.146	0	0.079
7.1	0.75725	0.18925	0	0.0535
7.14375	0.7675	0.2025	0	0.03
7.1875	0.758	0.2315	0	0.0105
7.23125	0.76825	0.2255	0	0.00625
7.275	0.7585	0.23175	0	0.00975
7.31875	0.7605	0.22075	0	0.01875
7.3625	0.75625	0.21125	0	0.0325
7.40625	0.7625	0.18525	0	0.05225
7.45	0.755	0.16575	0	0.07925
7.49375	0.757	0.14075	0	0.10225
7.5375	0.7485	0.11925	0	0.13225
7.58125	0.7455	0.0965	0	0.158
7.625	0.7525	0.06425	0	0.18325
7.66875	0.7325	0.06525	0	0.20225
7.7125	0.74975	0.04425	0	0.206
7.75625	0.754	0.03675	0	0.20925
7.8	0.743	0.0285	0	0.2285
7.84375	0.74225	0.02375	0	0.234
7.8875	0.7515	0.02425	0	0.22425
7.93125	0.7535	0.017	0	0.2295
7.975	0.742	0.01725	0	0.24075
8.01875	0.739	0.01725	0	0.24375
8.0625	0.73875	0.01875	0	0.2425
8.10625	0.73125	0.01975	0	0.249
8.15	0.73325	0.022	0	0.24475
8.19375	0.742	0.02875	0	0.22925
8.2375	0.734	0.03775	0	0.22825
8.28125	0.724	0.05625	0	0.21975
8.325	0.73025	0.08325	0	0.1865
8.36875	0.74275	0.10425	0	0.153
8.4125	0.72775	0.14725	0	0.125
8.45625	0.7315	0.18425	0	0.08425
8.5	0.72225	0.22025	0	0.0575
8.54375	0.7185	0.253	0	0.0285
8.5875	0.71	0.27575	0	0.01425
8.63125	0.725	0.266	0	0.009
8.675	0.70975	0.2775	0	0.01275
8.71875	0.72175	0.2505	0	0.02775
8.7625	0.71025	0.238	0	0.05175
8.80625	0.72325	0.211	0	0.06575
8.85	0.7255	0.16375	0	0.11075
8.89375	0.72625	0.138	0	0.13575
8.9375	0.70775	0.119	0	0.17325
8.98125	0.72325	0.088	0	0.18875
9.025	0.7175	0.07125	0	0.21125
9.06875	0.7135	0.05675	0	0.22975
9.1125	0.7215	0.03425	0	0.24425
9.15625	0.72125	0.031	0	0.24775
9.2	0.705	0.0245	0	0.2705
9.24375	0.70575	0.01975	0	0.2745
9.2875	0.70975	0.02125	0	0.269
9.33125	0.71025	0.0155	0	0.27425
9.375	0.71975	0.0125	0	0.26775
9.41875	0.70975	0.01375	0	0.2765
9.4625	0.71025	0.01325	0	0.2765
9.50625	0.69825	0.01675	0	0.285
9.55	0.69425	0.02125	0	0.2845
9.59375	0.713	0.026	0	0.261
9.6375	0.708	0.03975	0	0.25225
9.68125	0.70325	0.051	0	0.24575
9.725	0.6825	0.08375	0	0.23375
9.76875	0.69275	0.1255	0	0.18175
9.8125	0.69825	0.163	0	0.13875
9.85625	0.70325	0.19725	0	0.0995
9.9	0.6915	0.25425	0	0.05425
9.94375	0.704	0.26825	0	0.02775
9.9875	0.695	0.2955	0	0.0095
10.03125	0.6815	0.30975	0	0.00875
10.075	0.68175	0.303	0	0.01525
10.11875	0.688	0.278	0	0.034
10.1625	0.687	0.25775	0	0.05525
10.20625	0.7085	0.204	0	0.0875
10.25	0.70125	0.175	0	0.12375
10.29375	0.6815	0.15325	0	0.16525
10.3375	0.69725	0.11325	0	0.1895
10.38125	0.68825	0.08425	0	0.2275
10.425	0.7095	0.05425	0	0.23625
10.46875	0.693	0.04775	0	0.25925
10.5125	0.67975	0.0405	0	0.27975
10.55625	0.68275	0.029	0	0.28825
10.6	0.674	0.02575	0	0.30025
10.64375	0.69425	0.014	0	0.29175
10.6875	0.704	0.015	0	0.281
10.73125	0.6905	0.0125	0	0.297
10.775	0.6795	0.011	0	0.3095
10.81875	0.68075	0.00925	0	0.31
10.8625	0.67575	0.0105	0	0.31375
10.90625	0.6985	0.01525	0	0.28625
10.95	0.67625	0.0155	0	0.30825
10.99375	0.6675	0.02225	0	0.31025
11.0375	0.669	0.04025	0	0.29075
11.08125	0.674	0.053	0	0.273
11.125	0.674	0.08825	0	0.23775
11.16875	0.66975	0.131	0	0.19925
11.2125	0.68475	0.16725	0	0.148
11.25625	0.6815	0.22675	0	0.09175
11.3	0.68375	0.253	0	0.06325
11.34375	0.67275	0.29975	0	0.0275
11.3875	0.6735	0.31375	0	0.01275
11.43125	0.6795	0.3125	0	0.008
11.475	0.67275	0.31075	0	0.0165
11.51875	0.6705	0.29225	0	0.03725
11.5625	0.67925	0.26	0	0.06075
11.60625	0.663	0.2385	0	0.0985
11.65	0.672	0.1885	0	0.1395
11.69375	0.66975	0.14525	0	0.185
11.7375	0.672	0.11825	0	0.20975
11.78125	0.6725	0.072	0	0.2555
11.825	0.675	0.06525	0	0.25975
11.86875	0.67125	0.0415	0	0.28725
11.9125	0.66225	0.03375	0	0.304
11.95625	0.66875	0.0225	0	0.30875
12	0.66575	0.01825	0	0.316
12.04375	0.6595	0.01225	0	0.32825
12.0875	0.669	0.0125	0	0.3185
12.13125	0.6665	0.008	0	0.3255
12.175	0.67775	0.00575	0	0.3165
12.21875	0.67825	0.00675	0	0.315
12.2625	0.67325	0.00825	0	0.3185
12.30625	0.653	0.0095	0	0.3375
12.35	0.676	0.014	0	0.31
12.39375	0.66425	0.0215	0	0.31425
12.4375	0.657	0.03025	0	0.31275
12.48125	0.6485	0.06125	0	0.29025
12.525	0.6605	0.08	0	0.2595
12.56875	0.667	0.128	0	0.205
12.6125	0.6575	0.18175	0	0.16075
12.65625	0.6515	0.244	0	0.1045
12.7	0.6485	0.28525	0	0.06625
12.74375	0.66	0.312	0	0.028
12.7875	0.6575	0.33	0	0.0125
12.83125	0.65875	0.336	0	0.00525
12.875	0.65675	0.3305	0	0.01275
12.91875	0.66075	0.30475	0	0.0345
12.9625	0.657	0.279	0	0.064
13.00625	0.662	0.23475	0	0.10325
13.05	0.65225	0.20425	0	0.1435
13.09375	0.6585	0.16	0	0.1815
13.1375	0.6635	0.11775	0	0.21875
13.18125	0.641	0.08425	0	0.27475
13.225	0.65725	0.06025	0	0.2825
13.26875	0.654	0.0365	0	0.3095
13.3125	0.65	0.028	0	0.322
13.35625	0.647	0.02075	0	0.33225
13.4	0.64425	0.015	0	0.34075
13.44375	0.6525	0.0115	0	0.336
13.4875	0.63825	0.00975	0	0.352
13.53125	0.65	0.00925	0	0.34075
13.575	0.65625	0.00575	0	0.338
13.61875	0.6475	0.00725	0	0.34525
13.6625	0.66325	0.00575	0	0.331
13.70625	0.638	0.0105	0	0.3515
13.75	0.64325	0.01375	0	0.343
13.79375	0.64475	0.02225	0	0.333
13.8375	0.65275	0.038	0	0.30925
13.88125	0.65	0.0495	0	0.3005
13.925	0.634	0.0965	0	0.2695
13.96875	0.65675	0.13025	0	0.213
14.0125	0.64425	0.195	0	0.16075
14.05625	0.6525	0.241	0	0.1065
14.1	0.6465	0.2855	0	0.068
14.14375	0.64025	0.32875	0	0.031
14.1875	0.64275	0.34325	0	0.014
14.23125	0.64125	0.352	0	0.00675
14.275	0.6345	0.351	0	0.0145
14.31875	0.641	0.32375	0	0.03525
14.3625	0.645	0.288	0	0.067
14.40625	0.63575	0.259	0	0.10525
14.45	0.648	0.20275	0	0.14925
14.49375	0.64925	0.15275	0	0.198
14.5375	0.64625	0.12	0	0.23375
14.58125	0.64125	0.085	0	0.27375
14.625	0.62975	0.062	0	0.30825
14.66875	0.638	0.03875	0	0.32325
14.7125	0.62725	0.0285	0	0.34425
14.75625	0.6355	0.02475	0	0.33975
14.8	0.63275	0.01725	0	0.35
14.84375	0.63975	0.008	0	0.35225
14.8875	0.62625	0.0075	0	0.36625
14.93125	0.64025	0.00625	0	0.3535
14.975	0.62275	0.005	0	0.37225
15.01875	0.6405	0.00425	0	0.35525
15.0625	0.62825	0.00625	0	0.3655
15.10625	0.63375	0.00725	0	0.359
15.15	0.627	0.012	0	0.361
15.19375	0.63925	0.01625	0	0.3445
15.2375	0.636	0.02975	0	0.33425
15.28125	0.63375	0.04275	0	0.3235
15.325	0.6525	0.07275	0	0.27475
15.36875	0.634	0.13275	0	0.23325
15.4125	0.624	0.19425	0	0.18175
15.45625	0.61825	0.26025	0	0.1215
15.5	0.62275	0.30475	0	0.0725
15.54375	0.63925	0.32525	0	0.0355
15.5875	0.62475	0.35925	0	0.016
15.63125	0.634	0.3585	0	0.0075
15.675	0.61575	0.37275	0	0.0115
15.71875	0.63975	0.333	0	0.02725
15.7625	0.62775	0.313	0	0.05925
15.80625	0.6165	0.28	0	0.1035
15.85	0.61975	0.21925	0	0.161
15.89375	0.63875	0.1655	0	0.19575
15.9375	0.622	0.12775	0	0.25025
15.98125	0.63525	0.08725	0	0.2775
16.025	0.63575	0.0655	0	0.29875
16.06875	0.619	0.041	0	0.34
16.1125	0.6165	0.02525	0	0.35825
16.15625	0.625	0.01775	0	0.35725
16.2	0.63	0.0155	0	0.3545
16.24375	0.6285	0.008	0	0.3635
16.2875	0.618	0.0075	0	0.3745
16.33125	0.62275	0.00575	0	0.3715
16.375	0.6265	0.00575	0	0.36775
16.41875	0.61525	0.00375	0	0.381
16.4625	0.62125	0.00525	0	0.3735
16.50625	0.60975	0.00925	0	0.381
16.55	0.6135	0.01025	0	0.37625
16.59375	0.6145	0.016	0	0.3695
16.6375	0.61025	0.0335	0	0.35625
16.68125	0.6155	0.046	0	0.3385
16.725	0.627	0.07175	0	0.30125
16.76875	0.6185	0.1285	0	0.253
16.8125	0.6285	0.187	0	0.1845
16.85625	0.62525	0.2385	0	0.13625
16.9	0.62525	0.29875	0	0.076
16.94375	0.625	0.33325	0	0.04175
16.9875	0.60825	0.37675	0	0.015
17.03125	0.6155	0.3815	0	0.003
17.075	0.61275	0.379	0	0.00825
17.11875	0.62475	0.34825	0	0.027
17.1625	0.62375	0.313	0	0.06325
17.20625	0.6125	0.28725	0	0.10025
17.25	0.602	0.23525	0	0.16275
17.29375	0.6185	0.182	0	0.1995
17.3375	0.626	0.12225	0	0.25175
17.38125	0.62325	0.08625	0	0.2905
17.425	0.62475	0.06025	0	0.315
17.46875	0.6135	0.04025	0	0.34625
17.5125	0.62175	0.02925	0	0.349
17.55625	0.61175	0.01675	0	0.3715
17.6	0.6305	0.0135	0	0.356
17.64375	0.61925	0.0075	0	0.37325
17.6875	0.61325	0.00725	0	0.3795
17.73125	0.593	0.00375	0	0.40325
17.775	0.6085	0.00425	0	0.38725
17.81875	0.611	0.003	0	0.386
17.8625	0.6215	0.003	0	0.3755
17.90625	0.59725	0.00425	0	0.3985
17.95	0.63925	0.00725	0	0.3535
17.99375	0.60675	0.0165	0	0.37675
18.0375	0.615	0.01925	0	0.36575
18.08125	0.607	0.04125	0	0.35175
18.125	0.62	0.06825	0	0.31175
18.16875	0.60625	0.12175	0	0.272
18.2125	0.61025	0.18725	0	0.2025
18.25625	0.60325	0.24425	0	0.1525
18.3	0.61675	0.2955	0	0.08775
18.34375	0.60075	0.35425	0	0.045
18.3875	0.5995	0.38275	0	0.01775
18.43125	0.62275	0.37425	0	0.003
18.475	0.61175	0.3805	0	0.00775
18.51875	0.6185	0.358	0	0.0235
18.5625	0.62425	0.32475	0	0.051
18.60625	0.60675	0.30075	0	0.0925
18.65	0.6085	0.2475	0	0.144
18.69375	0.60425	0.19475	0	0.201
18.7375	0.62125	0.13075	0	0.248
18.78125	0.6145	0.09625	0	0.28925
18.825	0.60725	0.06125	0	0.3315
18.86875	0.61075	0.0345	0	0.35475
18.9125	0.59725	0.0285	0	0.37425
18.95625	0.6095	0.0195	0	0.371
19	0.606	0.008	0	0.386
19.04375	0.60875	0.007	0	0.38425
19.0875	0.60125	0.006	0	0.39275
19.13125	0.608	0.007	0	0.385
19.175	0.60975	0.00275	0	0.3875
19.21875	0.61	0.0025	0	0.3875
19.2625	0.6005	0.00325	0	0.39625
19.30625	0.607	0.0035	0	0.3895
19.35	0.60475	0.00725	0	0.388
19.39375	0.59575	0.01475	0	0.3895
19.4375	0.612	0.01875	0	0.36925
19.48125	0.6075	0.031	0	0.3615
19.525	0.60975	0.06025	0	0.33
19.56875	0.59825	0.11175	0	0.29
19.6125	0.5985	0.18725	0	0.21425
19.65625	0.60525	0.243	0	0.15175
19.7	0.59525	0.30375	0	0.101
19.74375	0.606	0.34125	0	0.05275
19.7875	0.59275	0.3825	0	0.02475
19.83125	0.62275	0.37125	0	0.006
19.875	0.61125	0.3825	0	0.00625
19.91875	0.593	0.383	0	0.024
19.9625	0.59925	0.351	0	0.04975
20.00625	0.589	0.3145	0	0.0965
20.05	0.5985	0.2615	0	0.14
20.09375	0.61775	0.187	0	0.19525
20.1375	0.6105	0.12375	0	0.26575
20.18125	0.6055	0.061	0	0.3335
20.225	0.588	0.03625	0	0.37575
20.26875	0.599	0.0155	0	0.3855
20.3125	0.61325	0.008	0	0.37875
20.35625	0.596	0.0045	0	0.3995
20.4	0.59175	0.003	0	0.40525
20.44375	0.6085	0.00325	0	0.38825
20.4875	0.5975	0.005	0	0.3975
20.53125	0.60175	0.01475	0	0.3835
20.575	0.58925	0.0465	0	0.36425
20.61875	0.5835	0.148	0	0.2685
20.6625	0.5875	0.28325	0	0.12925
20.70625	0.6045	0.36725	0	0.02825
20.75	0.60225	0.39325	0	0.0045
20.79375	0.602	0.3465	0	0.0515
20.8375	0.5945	0.23775	0	0.16775
20.88125	0.6055	0.108	0	0.2865
20.925	0.60075	0.0385	0	0.36075
20.96875	0.593	0.01325	0	0.39375
21.0125	0.58275	0.00375	0	0.4135
21.05625	0.58625	0.00425	0	0.4095
21.1	0.5825	0.00425	0	0.41325
21.14375	0.602	0.01925	0	0.37875
21.1875	0.59175	0.0725	0	0.33575
21.23125	0.60025	0.242	0	0.15775
21.275	0.60225	0.369	0	0.02875
21.31875	0.6025	0.389	0	0.0085
21.3625	0.59425	0.28475	0	0.121
21.40625	0.5825	0.12825	0	0.28925
21.45	0.59525	0.0345	0	0.37025
21.49375	0.6005	0.008	0	0.3915
21.5375	0.6	0.0045	0	0.3955
21.58125	0.59875	0.0035	0	0.39775
21.625	0.60925	0.013	0	0.37775
21.66875	0.6035	0.10775	0	0.28875
21.7125	0.59775	0.30975	0	0.0925
21.75625	0.6005	0.3975	0	0.002
21.8	0.608	0.312	0	0.08
21.84375	0.58525	0.134	0	0.28075
21.8875	0.5925	0.02625	0	0.38125
21.93125	0.597	0.005	0	0.398
21.975	0.5805	0.0025	0	0.417
22.01875	0.5905	0.008	0	0.4015
22.0625	0.60625	0.0775	0	0.31625
22.10625	0.58725	0.317	0	0.09575
22.15	0.58375	0.40825	0	0.008
22.19375	0.58825	0.26075	0	0.151
22.2375	0.58725	0.067	0	0.34575
22.28125	0.5945	0.01075	0	0.39475
22.325	0.59475	0.0025	0	0.40275
22.36875	0.594	0.00625	0	0.39975
22.4125	0.5875	0.07475	0	0.33775
22.45625	0.58675	0.34575	0	0.0675
22.5	0.584	0.39175	0	0.02425
22.54375	0.5935	0.173	0	0.2335
22.5875	0.5955	0.02225	0	0.38225
22.63125	0.58525	0.00325	0	0.4115
22.675	0.5885	0.00375	0	0.40775
22.71875	0.5885	0.05175	0	0.35975
22.7625	0.5865	0.35075	0	0.06275
22.80625	0.58375	0.37925	0	0.037
22.85	0.59025	0.11525	0	0.2945
22.89375	0.5805	0.0115	0	0.408
22.9375	0.59825	0.00125	0	0.4005
22.98125	0.58875	0.017	0	0.39425
23.025	0.5965	0.265	0	0.1385
23.06875	0.5835	0.405	0	0.0115
23.1125	0.57325	0.1415	0	0.28525
23.15625	0.5995	0.01025	0	0.39025
23.2	0.5965	0.001	0	0.4025
23.24375	0.58525	0.0375	0	0.37725
23.2875	0.57975	0.356	0	0.06425
23.33125	0.58575	0.33	0	0.08425
23.375	0.594	0.038	0	0.368
23.41875	0.57675	0.0025	0	0.42075
23.4625	0.58525	0.014	0	0.40075
23.50625	0.598	0.27175	0	0.13025
23.55	0.592	0.35875	0	0.04925
23.59375	0.57875	0.0475	0	0.37375
23.6375	0.57525	0.00275	0	0.422
23.68125	0.584	0.0165	0	0.3995
23.725	0.58175	0.35	0	0.06825
23.76875	0.596	0.2675	0	0.1365
23.8125	0.5795	0.0125	0	0.408
23.85625	0.5845	0.00275	0	0.41275
23.9	0.5745	0.16425	0	0.26125
23.94375	0.5815	0.3935	0	0.025
23.9875	0.596	0.03625	0	0.36775
24.03125	0.58825	0.00325	0	0.4085
24.075	0.5825	0.09225	0	0.32525
24.11875	0.57325	0.412	0	0.01475
24.1625	0.57925	0.03225	0	0.3885
24.20625	0.58675	0.002	0	0.41125
24.25	0.58275	0.19275	0	0.2245
24.29375	0.5755	0.343	0	0.0815
24.3375	0.57975	0.01175	0	0.4085
24.38125	0.57425	0.0085	0	0.41725
24.425	0.59725	0.37825	0	0.0245
24.46875	0.58375	0.08125	0	0.335
24.5125	0.56875	0.004	0	0.42725
24.55625	0.586	0.23225	0	0.18175
24.6	0.58425	0.221	0	0.19475
24.64375	0.6	0.00325	0	0.39675
24.6875	0.59	0.13375	0	0.27625
24.73125	0.58825	0.2705	0	0.14125
24.775	0.6005	0.00225	0	0.39725
24.81875	0.56925	0.17075	0	0.26
24.8625	0.59225	0.19575	0	0.212
24.90625	0.57775	0.00225	0	0.42
24.95	0.56775	0.34975	0	0.0825
24.99375	0.57275	0.04	0	0.38725
25.0375	0.57525	0.01025	0	0.4145
25.08125	0.58675	0.38425	0	0.029
25.125	0.58825	0.003	0	0.40875
25.16875	0.57425	0.29925	0	0.1265
25.2125	0.5925	0.03725	0	0.37025
25.25625	0.5895	0.03125	0	0.37925
25.3	0.574	0.208	0	0.218
25.34375	0.59	0.0045	0	0.4055
25.3875	0.57775	0.35475	0	0.0675
25.43125	0.579	0.00225	0	0.41875
25.475	0.573	0.405	0	0.022
25.51875	0.582	0.0025	0	0.4155
25.5625	0.586	0.3835	0	0.0305
25.60625	0.56725	0.00175	0	0.431
25.65	0.57775	0.302	0	0.12025
25.69375	0.59425	0.0155	0	0.39025
25.7375	0.58	0.07775	0	0.34225
25.78125	0.59425	0.183	0	0.22275
25.825	0.5745	0.00525	0	0.42025
25.86875	0.58225	0.39725	0	0.0205
25.9125	0.58325	0.00975	0	0.407
25.95625	0.5785	0.01675	0	0.40475
26	0.5905	0.406	0	0.0035
26.04375	0.57075	0.017	0	0.41225
26.0875	0.57375	0.00575	0	0.4205
26.13125	0.5755	0.24225	0	0.18225
26.175	0.57425	0.36225	0	0.0635
26.21875	0.5765	0.02125	0	0.40225
26.2625	0.58175	0.00175	0	0.4165
26.30625	0.57725	0.01275	0	0.41
26.35	0.57175	0.105	0	0.32325
26.39375	0.5845	0.29475	0	0.12075
26.4375	0.58275	0.38775	0	0.0295
26.48125	0.588	0.40175	0	0.01025
26.525	0.573	0.414	0	0.013
26.56875	0.57525	0.3705	0	0.05425
26.6125	0.57825	0.2235	0	0.19825
26.65625	0.59275	0.04075	0	0.3665
26.7	0.56625	0.003	0	0.43075
26.74375	0.5785	0.0115	0	0.41
26.7875	0.587	0.40225	0	0.01075
26.83125	0.5825	0.03025	0	0.38725
26.875	0.58175	0.01875	0	0.3995
26.91875	0.578	0.21325	0	0.20875
26.9625	0.5825	0.01975	0	0.39775
27.00625	0.5725	0.02125	0	0.40625
27.05	0.579	0.412	0	0.009
27.09375	0.58	0.158	0	0.262
27.1375	0.574	0.021	0	0.405
27.18125	0.5695	0.02125	0	0.40925
27.225	0.57875	0.213	0	0.20825
27.26875	0.576	0.33525	0	0.08875
27.3125	0.58675	0.0015	0	0.41175
27.35625	0.553	0.391	0	0.056
27.4	0.5815	0.1775	0	0.241
27.44375	0.57175	0.089	0	0.33925
27.4875	0.58025	0.408	0	0.01175
27.53125	0.561	0.006	0	0.433
27.575	0.56925	0.17425	0	0.2565
27.61875	0.5705	0.03725	0	0.39225
27.6625	0.58075	0.133	0	0.28625
27.70625	0.56925	0.0975	0	0.33325
27.75	0.57025	0.019	0	0.41075
27.79375	0.57725	0.0045	0	0.41825
27.8375	0.5705	0.006	0	0.4235
27.88125	0.569	0.015	0	0.416
27.925	0.575	0.37175	0	0.05325
27.96875	0.58925	0.257	0	0.15375
28.0125	0.5785	0.00525	0	0.41625
28.05625	0.57475	0.37875	0	0.0465
28.1	0.58525	0.372	0	0.04275
28.14375	0.56275	0.03725	0	0.4
28.1875	0.57875	0.05275	0	0.3685
28.23125	0.58	0.0475	0	0.3725
28.275	0.57775	0.19425	0	0.228
28.31875	0.57475	0.135	0	0.29025
28.3625	0.56225	0	0.43775	0
28.40625	0.5805	0	0.4195	0
28.45	0.57475	0	0.42525	0
28.49375	0.5745	0	0.4255	0
28.5375	0.567	0	0.433	0
28.58125	0.58775	0	0.41225	0
28.625	0.5705	0	0.4295	0
28.66875	0.56575	0	0.43425	0
28.7125	0.57375	0	0.42625	0
28.75625	0.572	0	0.428	0
28.8	0.56575	0	0.43425	0
28.84375	0.5885	0	0.4115	0
28.8875	0.57	0	0.43	0
28.93125	0.568	0	0.432	0
28.975	0.57925	0	0.42075	0
29.01875	0.57025	0	0.42975	0
29.0625	0.5715	0	0.4285	0
29.10625	0.566	0	0.434	0
29.15	0.57325	0	0.42675	0
29.19375	0.5745	0	0.4255	0
29.2375	0.5615	0	0.4385	0
29.28125	0.5815	0	0.4185	0
29.325	0.5815	0	0.4185	0
29.36875	0.5675	0	0.4325	0
29.4125	0.567	0	0.433	0
29.45625	0.56925	0	0.43075	0
29.5	0.5655	0	0.4345	0
29.54375	0.57375	0	0.42625	0
29.5875	0.56225	0	0.43775	0
29.63125	0.574	0	0.426	0
29.675	0.57325	0	0.42675	0
29.71875	0.554	0	0.446	0
29.7625	0.573	0	0.427	0
29.80625	0.577	0	0.423	0
29.85	0.57375	0	0.42625	0
29.89375	0.576	0	0.424	0
29.9375	0.56325	0	0.43675	0
29.98125	0.57025	0	0.42975	0
30.025	0.5895	0	0.4105	0
30.06875	0.563	0	0.437	0
30.1125	0.56775	0	0.43225	0
30.15625	0.5665	0	0.4335	0
30.2	0.574	0	0.426	0
30.24375	0.56725	0	0.43275	0
30.2875	0.577	0	0.423	0
30.33125	0.5685	0	0.4315	0
30.375	0.5615	0	0.4385	0
30.41875	0.572	0	0.428	0
30.4625	0.582	0	0.418	0
30.50625	0.56	0	0.44	0
30.55	0.56525	0	0.43475	0
30.59375	0.55125	0	0.44875	0
30.6375	0.57475	0	0.42525	0
30.68125	0.56925	0	0.43075	0
30.725	0.56875	0	0.43125	0
30.76875	0.5685	0	0.4315	0
30.8125	0.5645	0	0.4355	0
30.85625	0.5735	0	0.4265	0
30.9	0.55625	0	0.44375	0
30.94375	0.5695	0	0.4305	0
30.9875	0.5725	0	0.4275	0
31.03125	0.5595	0	0.4405	0
31.075	0.5665	0	0.4335	0
31.11875	0.579	0	0.421	0
31.1625	0.56375	0	0.43625	0
31.20625	0.5715	0	0.4285	0
31.25	0.56925	0	0.43075	0
31.29375	0.5755	0	0.4245	0
31.3375	0.56175	0	0.43825	0
31.38125	0.5455	0	0.4545	0
31.425	0.5685	0	0.4315	0
31.46875	0.5715	0	0.4285	0
31.5125	0.5595	0	0.4405	0
31.55625	0.568	0	0.432	0
31.6	0.56125	0	0.43875	0
31.64375	0.5525	0	0.4475	0
31.6875	0.565	0	0.435	0
31.73125	0.5705	0	0.4295	0
31.775	0.556	0	0.444	0
31.81875	0.58125	0	0.41875	0
31.8625	0.55225	0	0.44775	0
31.90625	0.5595	0	0.4405	0
31.95	0.56175	0	0.43825	0
31.99375	0.555	0	0.445	0
32.0375	0.55975	0	0.44025	0
32.08125	0.5525	0	0.4475	0
32.125	0.572	0	0.428	0
32.16875	0.56975	0	0.43025	0
32.2125	0.5655	0	0.4345	0
32.25625	0.57	0	0.43	0
32.3	0.58175	0	0.41825	0
32.34375	0.57075	0	0.42925	0
32.3875	0.57825	0	0.42175	0
32.43125	0.572	0	0.428	0
32.475	0.55225	0	0.44775	0
32.51875	0.572	0	0.428	0
32.5625	0.56625	0	0.43375	0
32.60625	0.5615	0	0.4385	0
32.65	0.571	0	0.429	0
32.69375	0.568	0	0.432	0
32.7375	0.5595	0	0.4405	0
32.78125	0.5705	0	0.4295	0
32.825	0.56325	0	0.43675	0
32.86875	0.55675	0	0.44325	0
32.9125	0.5725	0	0.4275	0
32.95625	0.564	0	0.436	0
33	0.5605	0	0.4395	0
33.04375	0.56325	0	0.43675	0
33.0875	0.5775	0	0.4225	0
33.13125	0.57475	0	0.42525	0
33.175	0.56325	0	0.43675	0
33.21875	0.56175	0	0.43825	0
33.2625	0.569	0	0.431	0
33.30625	0.5575	0	0.4425	0
33.35	0.557	0	0.443	0
33.39375	0.55925	0	0.44075	0
33.4375	0.5625	0	0.4375	0
33.48125	0.5575	0	0.4425	0
33.525	0.546	0	0.454	0
33.56875	0.55625	0	0.44375	0
33.6125	0.56075	0	0.43925	0
33.65625	0.5605	0	0.4395	0
33.7	0.5495	0	0.4505	0
33.74375	0.569	0	0.431	0
33.7875	0.55725	0	0.44275	0
33.83125	0.554	0	0.446	0
33.875	0.56525	0	0.43475	0
33.91875	0.5655	0	0.4345	0
33.9625	0.56075	0	0.43925	0
34.00625	0.55875	0	0.44125	0
34.05	0.55325	0	0.44675	0
34.09375	0.55575	0	0.44425	0
34.1375	0.55975	0	0.44025	0
34.18125	0.55575	0	0.44425	0
34.225	0.56675	0	0.43325	0
34.26875	0.56975	0	0.43025	0
34.3125	0.56125	0	0.43875	0
34.35625	0.557	0	0.443	0
34.4	0.5815	0	0.4185	0
34.44375	0.56075	0	0.43925	0
34.4875	0.556	0	0.444	0
34.53125	0.555	0	0.445	0
34.575	0.563	0	0.437	0
34.61875	0.5595	0	0.4405	0
34.6625	0.56475	0	0.43525	0
34.70625	0.56975	0	0.43025	0
34.75	0.558	0	0.442	0
34.79375	0.56625	0	0.43375	0
34.8375	0.56325	0	0.43675	0
34.88125	0.55825	0	0.44175	0
34.925	0.56175	0	0.43825	0
34.96875	0.5545	0	0.4455	0
35.0125	0.5505	0	0.4495	0
35.05625	0.56175	0	0.43825	0
35.1	0.546	0	0.454	0
35.14375	0.549	0	0.451	0
35.1875	0.56575	0	0.43425	0
35.23125	0.55925	0	0.44075	0
35.275	0.5715	0	0.4285	0
35.31875	0.564	0	0.436	0
35.3625	0.53875	0	0.46125	0
35.40625	0.56025	0	0.43975	0
35.45	0.55975	0	0.44025	0
35.49375	0.5575	0	0.4425	0
35.5375	0.5765	0	0.4235	0
35.58125	0.5505	0	0.4495	0
35.625	0.5535	0	0.4465	0
35.66875	0.563	0	0.437	0
35.7125	0.5535	0	0.4465	0
35.75625	0.5705	0	0.4295	0
35.8	0.555	0	0.445	0
35.84375	0.5495	0	0.4505	0
35.8875	0.55375	0	0.44625	0
35.93125	0.55275	0	0.44725	0
35.975	0.5575	0	0.4425	0
36.01875	0.566	0	0.434	0
36.0625	0.547	0	0.453	0
36.10625	0.5645	0	0.4355	0
36.15	0.56625	0	0.43375	0
36.19375	0.55825	0	0.44175	0
36.2375	0.56125	0	0.43875	0
36.28125	0.556	0	0.444	0
36.325	0.569	0	0.431	0
36.36875	0.56925	0	0.43075	0
36.4125	0.55775	0	0.44225	0
36.45625	0.55725	0	0.44275	0
36.5	0.56775	0	0.43225	0
36.54375	0.55825	0	0.44175	0
36.5875	0.5625	0	0.4375	0
36.63125	0.56325	0	0.43675	0
36.675	0.56325	0	0.43675	0
36.71875	0.54725	0	0.45275	0
36.7625	0.56425	0	0.43575	0
36.80625	0.56525	0	0.43475	0
36.85	0.56375	0	0.43625	0
36.89375	0.55975	0	0.44025	0
36.9375	0.547	0	0.453	0
36.98125	0.56025	0	0.43975	0
37.025	0.55625	0	0.44375	0
37.06875	0.54375	0	0.45625	0
37.1125	0.565	0	0.435	0
37.15625	0.5515	0	0.4485	0
37.2	0.56025	0	0.43975	0
37.24375	0.5715	0	0.4285	0
37.2875	0.546	0	0.454	0
37.33125	0.5525	0	0.4475	0
37.375	0.574	0	0.426	0
37.41875	0.56175	0	0.43825	0
37.4625	0.5665	0	0.4335	0
37.50625	0.555	0	0.445	0
37.55	0.56025	0	0.43975	0
37.59375	0.5535	0	0.4465	0
37.6375	0.55925	0	0.44075	0
37.68125	0.55225	0	0.44775	0
37.725	0.56925	0	0.43075	0
37.76875	0.55625	0	0.44375	0
37.8125	0.56225	0	0.43775	0
37.85625	0.5445	0	0.4555	0
37.9	0.548	0	0.452	0
37.94375	0.558	0	0.442	0
37.9875	0.5625	0	0.4375	0
38.03125	0.55475	0	0.44525	0
38.075	0.56325	0	0.43675	0
38.11875	0.55275	0	0.44725	0
38.1625	0.549	0	0.451	0
38.20625	0.55325	0	0.44675	0
38.25	0.55625	0	0.44375	0
38.29375	0.55175	0	0.44825	0
38.3375	0.537	0	0.463	0
38.38125	0.56225	0	0.43775	0
38.425	0.557	0	0.443	0
38.46875	0.55425	0	0.44575	0
38.5125	0.561	0	0.439	0
38.55625	0.55075	0	0.44925	0
38.6	0.55525	0	0.44475	0
38.64375	0.543	0	0.457	0
38.6875	0.55375	0	0.44625	0
38.73125	0.55125	0	0.44875	0
38.775	0.55325	0	0.44675	0
38.81875	0.56275	0	0.43725	0
38.8625	0.5525	0	0.4475	0
38.90625	0.5705	0	0.4295	0
38.95	0.56125	0	0.43875	0
38.99375	0.5515	0	0.4485	0
39.0375	0.54725	0	0.45275	0
39.08125	0.5515	0	0.4485	0
39.125	0.55775	0	0.44225	0
39.16875	0.547	0	0.453	0
39.2125	0.56575	0	0.43425	0
39.25625	0.57025	0	0.42975	0
39.3	0.546	0	0.454	0
39.34375	0.562	0	0.438	0
39.3875	0.55425	0	0.44575	0
39.43125	0.55625	0	0.44375	0
39.475	0.551	0	0.449	0
39.51875	0.55475	0	0.44525	0
39.5625	0.5375	0	0.4625	0
39.60625	0.54625	0	0.45375	0
39.65	0.5505	0	0.4495	0
39.69375	0.54975	0	0.45025	0
39.7375	0.54575	0	0.45425	0
39.78125	0.549	0	0.451	0
39.825	0.5435	0	0.4565	0
39.86875	0.5565	0	0.4435	0
39.9125	0.54425	0	0.45575	0
39.95625	0.5645	0	0.4355	0
40	0.554	0	0.446	0
